using saved target 'sky'
/home/user/contikiV/tools/sky/serialdump-linux -b115200 /dev/ttyUSB0
101
102
104
101
102
102
103
101
102
103
101
102
102
102
101
103
103
100
102
102
102
101
102
102
104
101
104
101
103
102
101
102
103
102
103
102
103
101
104
101
99
101
103
103
99
103
102
105
101
100
103
102
102
106
100
102
101
103
102
104
103
103
100
101
103
101
103
102
101
103
102
104
100
103
102
101
104
101
102
103
102
103
102
102
102
102
103
102
103
101
103
101
99
103
102
105
101
102
101
104
101
102
102
102
104
101
102
103
102
103
101
100
104
100
101
102
101
104
102
102
101
102
102
102
103
101
103
100
103
103
101
98
102
103
102
103
102
103
102
100
104
101
102
101
104
101
104
102
103
105
102
102
103
102
103
101
103
102
102
103
103
102
102
104
99
103
101
104
101
102
102
102
103
99
102
102
103
