using saved target 'sky'
/home/user/contikiV/tools/sky/serialdump-linux -b115200 /dev/ttyUSB0
92
92
92
92
92
91
92
92
92
91
91
93
91
93
92
92
93
93
92
92
92
92
92
93
92
89
92
91
91
95
92
92
92
92
92
92
91
93
91
94
93
94
93
91
92
94
91
93
89
92
92
93
92
92
92
92
92
92
91
91
92
94
92
92
93
92
92
92
92
91
92
92
92
94
92
92
93
93
93
93
92
93
92
93
93
92
92
92
91
92
92
92
93
93
91
92
93
91
92
93
92
92
94
92
95
92
91
92
93
92
92
93
92
92
92
92
93
90
92
92
93
92
92
92
93
92
92
93
92
92
93
92
92
93
89
92
93
91
92
90
93
91
92
92
93
92
91
93
91
93
90
93
90
92
91
93
92
93
92
93
93
93
91
93
92
92
93
91
92
92
93
92
92
92
94
93
92
92
92
92
98
91
93
92
92
92
93
92
90
92
92
93
92
91
92
92
93
92
92
93
93
93
94
93
95
92
92
92
93
92
93
92
94
92
92
90
91
89
93
91
92
92
94
91
93
92
93
93
92
92
93
