using saved target 'sky'
/home/user/contikiV/tools/sky/serialdump-linux -b115200 /dev/ttyUSB0
134
127
121
127
123
125
126
127
123
124
124
126
125
127
125
126
128
124
127
135
119
127
136
127
121
126
119
140
139
126
124
127
125
130
126
125
127
141
142
126
129
124
127
123
127
137
127
121
132
128
120
134
128
119
128
139
125
138
125
141
123
127
141
129
124
126
126
143
126
143
140
142
123
127
125
124
141
127
140
143
123
123
129
123
138
122
130
129
119
129
128
118
127
121
120
128
137
141
122
127
126
126
123
129
121
131
141
126
119
127
119
128
126
128
128
119
129
119
127
127
119
129
138
127
122
127
123
127
123
126
125
125
125
123
130
138
128
120
128
134
125
135
131
121
127
122
128
123
