using saved target 'sky'
/home/user/contikiV/tools/sky/serialdump-linux -b115200 /dev/ttyUSB0
154
151
152
159
154
160
153
155
151
160
161
147
160
143
145
145
159
146
158
145
144
158
147
158
152
157
155
155
153
155
156
155
157
156
155
158
148
162
149
161
153
154
153
152
156
147
155
149
160
145
160
144
160
150
152
155
157
157
147
157
146
157
147
160
151
164
158
145
161
150
160
147
162
151
146
161
151
159
157
156
147
159
160
147
160
147
160
149
158
157
149
153
157
151
158
145
160
161
151
159
155
158
143
161
148
160
153
160
150
160
160
161
152
162
155
158
158
155
158
146
160
149
161
153
155
157
158
154
158
152
159
151
157
152
156
143
156
149
148
160
150
160
153
154
157
160
152
156
155
154
154
157
154
162
150
160
145
158
150
158
150
158
146
159
147
157
147
158
148
158
148
155
155
158
153
150
157
144
160
150
153
161
160
148
161
151
161
156
155
154
159
154
160
152
158
152
159
155
156
