using saved target 'sky'
/home/user/contikiV/tools/sky/serialdump-linux -b115200 /dev/ttyUSB0
90
92
91
93
91
90
91
88
92
91
91
91
91
91
95
91
92
91
90
91
92
91
91
91
92
90
92
91
91
92
91
92
90
92
90
91
90
90
90
92
91
92
92
93
91
89
91
90
91
91
92
88
91
94
92
93
91
92
89
92
91
92
91
91
91
92
93
91
91
92
91
93
91
90
91
91
91
91
91
91
91
92
91
92
91
92
90
90
92
93
90
92
91
92
91
91
92
90
91
91
91
90
92
91
92
92
91
92
91
87
91
91
92
91
91
91
92
92
96
93
91
91
92
91
90
92
91
90
89
90
91
91
92
91
93
91
92
91
91
91
91
91
93
92
91
91
91
92
91
91
91
92
92
92
92
90
89
92
90
91
92
91
92
91
93
92
91
91
92
90
92
91
91
91
91
91
91
92
91
91
92
92
92
90
92
91
92
