using saved target 'sky'
/home/user/contikiV/tools/sky/serialdump-linux -b115200 /dev/ttyUSB0
92
91
91
91
92
91
91
91
91
90
92
91
91
92
92
91
90
92
91
90
91
92
91
90
91
92
91
91
92
90
91
90
91
91
91
92
92
91
91
91
91
92
91
91
92
91
91
91
92
91
92
91
91
91
91
91
91
91
91
91
91
92
90
91
91
92
92
92
92
91
93
92
93
93
91
92
90
92
91
93
91
91
91
92
92
91
91
92
91
91
91
91
91
91
92
92
92
91
91
91
91
94
91
93
92
90
91
91
92
92
90
92
92
90
90
91
91
91
91
85
92
90
92
92
92
91
92
91
90
91
91
91
91
90
91
96
93
91
92
92
91
91
91
92
90
91
90
92
91
92
92
92
91
96
92
91
91
90
92
90
90
91
91
91
91
92
90
92
91
92
92
91
91
92
91
91
92
90
92
91
91
91
91
91
90
92
93
91
91
92
92
94
93
92
94
91
88
91
91
91
93
91
94
91
92
95
91
90
