using saved target 'sky'
/home/user/contikiV/tools/sky/serialdump-linux -b115200 /dev/ttyUSB0
99
101
99
99
99
101
99
101
98
100
98
99
100
99
101
95
101
101
99
101
98
98
100
98
100
99
101
98
101
98
99
98
101
98
101
99
99
100
98
104
102
98
100
100
98
98
100
99
101
100
98
101
98
101
100
100
98
100
99
101
98
100
101
100
101
98
101
99
100
101
99
100
100
101
99
101
98
100
100
100
100
100
98
98
101
100
100
101
101
98
101
100
99
101
99
99
100
102
100
98
102
98
99
100
99
102
98
101
99
101
101
99
101
98
101
98
97
98
100
99
102
101
98
102
99
101
100
100
102
100
101
98
100
99
100
98
101
100
100
101
99
101
96
101
99
102
101
99
102
99
100
99
101
101
98
100
99
101
101
99
102
99
98
101
99
99
96
100
100
101
101
98
101
99
99
100
101
99
101
99
101
100
100
98
102
99
99
98
101
99
101
100
98
101
99
101
99
101
100
100
101
101
100
102
99
101
98
102
98
98
102
98
101
101
99
100
99
101
101
101
101
99
100
100
101
99
101
99
104
101
100
102
98
101
99
102
101
99
101
99
96
98
101
103
