using saved target 'sky'
/home/user/contikiV/tools/sky/serialdump-linux -b115200 /dev/ttyUSB0
114
109
113
112
111
114
109
113
113
110
114
110
111
114
110
114
113
110
113
110
112
113
111
113
111
112
114
110
111
111
112
108
113
109
111
114
112
113
110
112
113
109
114
115
111
114
109
114
112
110
114
110
112
110
113
112
111
115
110
112
113
111
113
108
112
113
111
112
111
115
111
115
110
111
119
109
113
113
111
112
109
114
114
114
114
113
113
114
113
114
110
112
113
111
112
113
110
113
110
112
113
110
114
110
113
113
113
114
110
114
111
112
114
110
114
112
111
113
110
114
112
111
114
109
113
115
111
113
110
112
114
114
111
114
110
110
113
111
112
114
111
114
111
108
113
111
115
109
112
113
112
112
114
112
113
109
114
114
111
114
110
112
114
110
114
110
112
112
111
113
111
111
114
110
113
111
112
114
113
115
110
113
112
111
115
109
