using saved target 'sky'
/home/user/contikiV/tools/sky/serialdump-linux -b115200 /dev/ttyUSB0
152
165
156
158
165
157
164
151
164
164
148
161
163
161
163
154
165
166
152
164
150
164
158
156
164
149
158
157
164
152
165
154
165
152
163
157
158
164
149
162
149
162
165
153
165
156
158
163
158
162
160
157
165
148
161
155
165
154
160
165
150
163
166
150
166
153
163
160
156
166
158
165
160
149
160
152
160
164
165
156
159
167
149
164
163
158
167
158
166
149
161
156
162
158
163
156
167
149
164
154
162
163
165
150
165
152
157
160
164
154
165
159
156
163
148
165
151
161
153
165
150
164
158
161
150
162
150
155
165
152
150
163
161
161
150
165
148
165
153
166
158
159
164
154
165
150
163
149
167
157
163
161
157
161
165
165
156
162
158
163
160
157
158
161
155
164
162
153
164
148
164
150
164
150
164
149
165
149
164
149
166
149
166
150
165
149
167
149
165
150
165
151
150
165
152
163
162
149
165
149
164
153
165
151
163
156
163
157
162
158
161
160
159
159
161
160
161
158
165
158
163
156
165
167
