using saved target 'sky'
/home/user/contikiV/tools/sky/serialdump-linux -b115200 /dev/ttyUSB0
92
92
92
93
92
95
91
93
91
92
92
91
91
92
94
92
92
92
91
92
93
93
93
92
92
92
92
92
93
92
92
92
92
93
92
92
93
92
93
93
92
93
92
92
92
95
91
97
92
92
90
92
92
93
92
92
92
93
92
90
91
92
91
93
92
96
92
92
92
91
92
92
92
92
92
92
92
92
93
91
92
92
92
92
91
91
93
90
93
93
92
91
94
91
91
91
93
92
94
92
94
92
92
92
91
92
92
92
93
92
93
91
92
92
92
88
92
92
91
93
93
92
92
91
92
91
93
92
93
92
93
92
91
91
92
91
93
93
88
93
93
92
92
92
92
91
92
92
92
92
92
91
88
94
93
92
91
92
92
91
92
92
88
92
92
94
94
93
91
92
91
91
92
92
92
91
92
90
90
93
87
92
92
92
91
91
92
93
92
91
92
92
92
92
91
94
91
92
92
92
92
93
92
92
93
93
92
87
92
93
92
93
93
92
92
93
92
93
91
92
92
92
92
92
92
