using saved target 'sky'
/home/user/contikiV/tools/sky/serialdump-linux -b115200 /dev/ttyUSB0
718
715
718
716
719
719
715
720
715
721
715
720
720
718
719
722
720
719
718
720
719
717
713
717
713
718
716
716
717
714
718
718
717
718
717
716
722
719
718
719
712
718
708
712
716
711
714
713
715
713
716
712
717
709
718
713
718
715
714
715
714
716
714
717
711
717
713
717
712
715
712
715
713
715
712
717
711
717
714
716
713
716
715
713
712
709
713
711
712
712
708
717
715
718
715
716
714
716
710
715
709
717
710
718
715
720
714
718
716
717
717
714
717
712
717
715
715
717
713
713
723
709
715
716
715
719
716
717
717
716
717
716
718
716
715
715
713
691
626
505
133
105
95
88
89
86
86
