using saved target 'sky'
/home/user/contikiV/tools/sky/serialdump-linux -b115200 /dev/ttyUSB0
95
98
97
96
97
97
96
95
98
97
96
96
97
97
97
97
96
95
96
96
98
97
97
96
97
95
97
96
100
97
94
97
95
97
97
96
100
97
96
96
100
97
97
96
97
96
98
96
96
95
95
97
96
98
97
97
96
96
92
97
96
95
97
97
96
97
97
97
95
96
97
96
97
93
94
94
97
99
97
97
96
97
93
96
96
96
98
97
96
97
96
97
96
98
96
96
97
97
96
97
96
97
97
97
97
96
96
97
96
97
97
97
96
98
96
98
96
97
97
98
96
95
97
98
94
97
97
96
96
96
96
96
96
96
96
96
97
96
96
96
96
96
95
97
95
98
95
97
96
99
96
96
95
96
97
96
97
96
96
97
96
97
97
97
95
96
96
97
97
96
96
97
95
98
96
98
97
98
96
96
96
95
97
95
97
97
96
98
96
96
96
