using saved target 'sky'
/home/user/contikiV/tools/sky/serialdump-linux -b115200 /dev/ttyUSB0
85
86
85
86
85
86
85
85
83
86
85
85
85
85
85
85
86
85
86
86
85
83
86
86
86
85
85
86
86
85
86
85
86
82
87
86
85
84
86
85
86
86
85
85
86
86
85
85
86
85
85
86
85
85
85
85
85
86
86
86
88
86
85
84
85
85
85
84
85
89
86
86
85
83
86
86
85
85
89
85
85
86
86
86
86
86
84
85
86
85
85
86
84
84
85
86
85
85
85
86
86
85
85
85
85
85
86
84
85
85
86
85
85
85
86
86
85
85
86
85
85
86
85
85
85
86
86
85
86
85
85
90
85
80
90
85
86
86
86
85
86
85
85
85
84
86
85
86
85
85
86
84
85
83
86
86
85
85
85
85
85
88
87
86
85
85
85
86
85
85
85
87
85
86
86
86
86
87
84
85
85
86
85
86
80
86
86
85
84
85
86
86
86
86
86
86
85
85
86
82
88
84
85
86
85
86
85
86
85
89
84
86
84
85
86
85
85
86
