using saved target 'sky'
/home/user/contikiV/tools/sky/serialdump-linux -b115200 /dev/ttyUSB0
361
363
333
355
364
329
355
359
351
365
328
348
353
345
361
350
352
365
326
352
327
348
356
349
357
342
362
341
360
359
335
361
336
360
345
360
362
339
361
346
355
323
350
350
348
364
324
348
353
347
365
324
352
349
345
364
335
347
364
337
347
360
347
360
363
325
354
344
350
364
325
345
363
336
361
345
357
356
346
345
362
336
346
361
341
361
363
326
355
348
354
367
328
353
358
362
340
345
361
346
364
341
363
337
345
364
333
348
356
344
363
336
346
364
332
358
355
359
357
350
365
352
360
341
362
339
362
340
360
363
355
364
331
358
328
356
356
357
365
324
353
353
347
366
348
335
362
361
337
364
335
346
365
336
361
335
361
356
353
367
329
356
350
346
364
325
350
346
332
342
366
333
363
340
359
362
332
331
358
345
352
364
326
355
356
344
363
333
