using saved target 'sky'
/home/user/contikiV/tools/sky/serialdump-linux -b115200 /dev/ttyUSB0
89
90
88
90
89
89
89
88
89
89
89
89
90
90
89
88
88
87
88
88
89
90
89
88
89
90
89
91
88
90
88
89
90
89
88
88
88
89
89
90
88
89
89
89
88
91
88
89
89
90
89
90
89
88
88
89
88
89
89
88
88
87
89
94
89
89
89
89
89
88
89
90
90
89
90
90
91
89
92
90
90
90
88
90
91
90
89
90
88
89
88
89
90
87
89
90
89
88
89
88
88
90
90
90
89
90
88
90
88
89
89
88
90
90
90
90
89
89
88
90
90
89
90
88
90
81
90
87
89
88
90
89
89
89
91
90
88
90
88
89
89
89
88
89
89
88
89
90
88
91
89
90
88
89
89
90
87
89
89
91
89
89
89
89
90
88
88
89
88
90
86
89
88
90
88
90
89
88
89
90
87
89
89
88
89
85
89
89
89
88
89
88
90
90
89
89
90
89
89
90
88
87
90
89
88
92
90
89
89
90
88
89
90
89
88
89
88
90
88
90
87
89
89
88
88
