using saved target 'sky'
/home/user/contikiV/tools/sky/serialdump-linux -b115200 /dev/ttyUSB0
74
74
74
70
74
73
75
74
74
73
75
73
74
73
74
74
74
74
74
74
73
73
73
74
72
73
73
74
73
74
73
73
73
74
74
72
74
74
74
72
74
73
74
74
73
74
73
73
73
74
74
75
74
73
74
74
73
74
74
73
73
74
74
72
75
73
74
73
73
74
74
73
73
75
73
74
74
73
74
70
74
73
73
74
74
73
74
72
74
73
73
73
74
73
74
75
74
74
74
74
74
74
74
74
74
74
73
74
73
72
74
74
73
73
73
72
74
73
73
74
73
75
73
74
74
74
73
74
73
73
74
73
73
74
74
73
72
74
74
74
74
74
74
74
74
74
74
74
74
74
73
74
73
74
75
74
73
74
74
73
74
74
73
72
74
74
71
74
73
73
73
74
73
73
74
74
73
75
74
74
74
74
73
74
74
74
71
73
73
74
71
73
74
74
73
74
