using saved target 'sky'
/home/user/contikiV/tools/sky/serialdump-linux -b115200 /dev/ttyUSB0
71
70
70
71
68
70
71
70
70
70
70
70
70
70
70
71
70
70
70
69
71
70
70
72
71
71
70
70
70
71
70
71
72
70
71
70
70
71
71
71
71
70
70
69
66
70
70
70
69
70
70
71
71
71
70
70
70
70
72
71
70
71
70
72
70
70
71
71
70
71
71
72
71
70
70
70
70
71
71
71
69
67
70
70
68
70
70
70
71
70
70
71
70
71
71
71
71
71
70
70
71
70
70
71
70
70
71
70
70
71
71
71
72
70
70
71
71
69
70
71
71
71
70
70
71
70
70
70
69
70
70
71
70
71
68
70
70
70
70
71
70
71
70
71
70
70
70
71
71
70
70
70
71
70
71
70
70
70
70
70
70
70
70
70
72
71
70
69
71
71
70
70
71
71
71
70
71
70
71
71
71
70
69
71
71
71
70
70
70
71
70
70
71
71
69
71
71
71
71
71
70
73
70
70
71
71
71
69
68
71
71
71
70
70
69
68
72
74
71
71
71
70
70
70
71
71
69
71
70
69
71
70
70
70
70
71
71
70
68
70
70
71
