using saved target 'sky'
/home/user/contikiV/tools/sky/serialdump-linux -b115200 /dev/ttyUSB0
86
84
85
85
84
85
85
84
85
84
85
83
86
84
85
84
85
84
85
85
84
85
85
85
85
85
85
83
85
85
84
85
85
86
85
86
85
85
84
80
85
85
87
85
84
85
84
84
84
83
82
85
84
84
85
87
85
84
85
84
85
84
85
86
85
85
84
85
86
85
84
85
86
85
84
85
84
84
85
85
85
86
85
85
85
86
84
85
85
85
85
82
84
84
84
84
84
84
85
85
85
84
84
85
81
86
85
85
85
85
86
84
84
85
83
85
85
85
83
85
84
85
84
84
85
84
85
84
84
85
85
85
85
85
84
83
83
86
86
85
85
85
85
84
84
85
85
84
85
86
84
85
84
84
85
85
85
78
84
84
83
85
84
85
84
85
85
84
84
85
86
85
85
82
85
84
85
84
85
85
84
85
85
85
85
85
85
85
84
84
84
85
85
