using saved target 'sky'
/home/user/contikiV/tools/sky/serialdump-linux -b115200 /dev/ttyUSB0
93
94
97
96
94
94
93
94
92
94
94
94
94
94
94
96
94
94
94
94
92
93
94
94
94
93
94
93
94
94
95
93
95
94
93
94
93
94
96
94
94
94
93
94
94
93
94
93
94
94
94
94
94
94
95
94
93
94
94
94
94
94
94
94
94
94
93
93
95
94
93
94
94
94
93
94
93
93
94
94
94
94
94
94
94
94
94
95
94
94
92
94
94
94
94
94
94
93
95
93
93
94
94
94
96
94
93
95
94
93
94
94
94
94
93
94
94
93
93
94
94
95
93
94
94
94
94
92
94
94
94
94
93
94
94
98
94
94
94
94
94
93
94
94
94
93
94
93
94
