using saved target 'sky'
/home/user/contikiV/tools/sky/serialdump-linux -b115200 /dev/ttyUSB0
72
70
69
71
72
72
69
72
72
71
72
71
72
72
72
72
69
71
72
72
77
72
71
72
71
71
72
71
72
71
72
76
71
72
72
71
73
72
72
71
72
71
71
72
72
75
72
72
72
71
72
71
71
71
73
73
72
71
71
72
72
71
72
72
72
72
72
72
72
70
71
72
72
71
73
71
72
72
71
72
71
72
72
72
72
74
72
72
72
72
74
74
71
72
72
71
71
72
72
71
71
72
71
72
72
72
71
70
72
72
72
67
73
73
72
73
71
72
72
71
71
69
73
72
71
74
72
72
72
71
72
72
72
72
71
72
72
71
72
72
72
72
71
72
72
72
72
72
72
