using saved target 'sky'
/home/user/contikiV/tools/sky/serialdump-linux -b115200 /dev/ttyUSB0
98
95
96
96
96
96
96
96
96
94
95
95
96
96
95
95
91
95
96
95
96
94
96
95
95
99
97
95
95
96
95
96
95
96
93
96
96
96
96
96
95
96
96
96
95
95
97
96
95
95
95
96
96
96
96
96
95
96
96
96
96
95
96
95
96
96
96
96
96
95
95
96
97
96
95
96
95
91
96
96
94
96
95
95
96
9
94
96
96
95
96
95
94
96
95
96
95
96
95
96
96
95
95
96
95
96
96
94
96
96
95
95
96
96
95
94
96
94
94
96
95
95
96
95
95
96
96
94
94
96
95
96
96
95
94
96
95
95
95
96
96
95
96
96
96
97
96
93
96
96
94
95
94
97
96
96
96
96
96
95
95
95
96
96
95
95
95
95
95
95
96
95
98
96
95
97
93
92
95
96
96
95
96
96
95
96
95
96
96
95
96
96
96
94
96
96
95
95
94
92
96
96
96
95
95
95
96
96
95
95
96
95
96
95
96
96
96
96
96
96
95
96
95
96
96
94
96
95
96
94
95
96
96
96
96
97
94
95
97
98
96
96
96
98
95
96
96
96
96
95
95
96
