Vref=2.5V
177
159
175
174
168
167
177
163
174
164
158
172
176
175
170
159
161
167
171
173
175
175
176
157
176
164
171
167
169
170
168
166
176
162
177
161
177
159
176
164
176
162
175
162
170
175
162
174
175
161
174
172
172
174
166
161
177
160
176
159
174
174
173
160
174
160
174
165
171
165
171
168
171
164
173
169
170
172
169
164
174
157
158
175
176
175
175
159
175
177
161
178
177
166
168
173
166
173
160
174
170
167
171
164
174
158
173
159
174
158
174
158
175
161
175
177
175
167
157
162
167
173
158
175
160
176
161
176
160
173
166
167
175
