Vref=2.5V
84
84
85
85
83
84
85
84
85
85
83
83
83
83
84
84
85
85
84
84
84
85
83
85
86
86
84
85
86
85
82
85
85
83
83
85
84
86
83
86
85
85
84
83
85
83
85
86
85
85
82
83
85
85
85
85
83
86
83
85
85
85
85
85
81
85
84
86
84
83
85
84
85
85
85
85
82
85
83
85
84
85
85
86
84
83
84
84
86
81
82
82
85
84
85
83
85
84
86
84
83
83
85
85
84
87
85
85
83
84
88
84
85
83
84
83
85
85
83
81
85
85
86
85
85
82
83
85
84
85
86
85
86
87
85
83
85
85
83
88
86
84
85
84
85
84
85
84
86
84
86
84
85
84
83
85
85
85
86
85
84
84
84
84
81
85
85
85
82
83
83
83
86
84
85
83
85
85
85
84
84
85
84
85
83
86
83
83
85
85
84
85
84
84
87
