Vref=2.5V
182
194
191
187
177
191
175
193
173
193
179
195
180
181
194
182
191
186
182
190
174
194
179
191
183
187
172
192
181
192
193
176
195
184
173
188
190
181
192
187
178
189
173
179
193
186
190
187
180
190
171
194
193
179
196
179
180
195
177
194
179
179
194
180
195
182
194
175
194
177
194
177
193
176
192
177
193
176
193
175
195
177
192
178
195
194
193
174
192
178
177
193
182
175
179
184
188
192
195
192
184
173
177
192
189
187
195
181
191
183
191
184
192
184
191
186
195
178
195
174
189
177
174
181
186
191
194
194
195
